#Codigo HL7 de los tipos de documento
document.type.cc.code=2.16.840.1.113883.19.57.1.1.1.1.1
document.type.ce.code=2.16.840.1.113883.19.57.1.1.1.1.2
document.type.pa.code=2.16.840.1.113883.19.57.1.1.1.1.3
document.type.rc.code=2.16.840.1.113883.19.57.1.1.1.1.4
document.type.ti.code=2.16.840.1.113883.19.57.1.1.1.1.5
document.type.as.code=2.16.840.1.113883.19.57.1.1.1.1.6
document.type.ms.code=2.16.840.1.113883.19.57.1.1.1.1.7
document.type.nu.code=2.16.840.1.113883.19.57.1.1.1.1.8
#identificador de los tipos de documento en la base de datos
document.type.cc.id=1
document.type.ce.id=9
document.type.pa.id=5
document.type.rc.id=4
document.type.ti.id=2
document.type.as.id=6
document.type.ms.id=10
document.type.nu.id=3